A 1 1 1
A 1 2 2
A 1 3 3
A 2 1 2
A 2 2 4
A 2 3 6
A 3 1 3
A 3 2 6
A 3 3 9
A 4 1 4
A 4 2 8
A 4 3 12
A 5 1 5
A 5 2 10
A 5 3 15
A 6 1 6
A 6 2 12
A 6 3 18
A 7 1 7
A 7 2 14
A 7 3 21
A 8 1 8
A 8 2 16
A 8 3 24
A 9 1 9
A 9 2 18
A 9 3 27
A 10 1 10
A 10 2 20
A 10 3 30
B 1 1 1
B 1 2 2
B 1 3 3
B 1 4 4
B 1 5 5
B 1 6 6
B 1 7 7
B 1 8 8
B 1 9 9
B 1 10 10
B 1 11 11
B 1 12 12
B 1 13 13
B 1 14 14
B 1 15 15
B 1 16 16
B 1 17 17
B 1 18 18
B 1 19 19
B 1 20 20
B 2 1 2
B 2 2 4
B 2 3 6
B 2 4 8
B 2 5 10
B 2 6 12
B 2 7 14
B 2 8 16
B 2 9 18
B 2 10 20
B 2 11 22
B 2 12 24
B 2 13 26
B 2 14 28
B 2 15 30
B 2 16 32
B 2 17 34
B 2 18 36
B 2 19 38
B 2 20 40
B 3 1 3
B 3 2 6
B 3 3 9
B 3 4 12
B 3 5 15
B 3 6 18
B 3 7 21
B 3 8 24
B 3 9 27
B 3 10 30
B 3 11 33
B 3 12 36
B 3 13 39
B 3 14 42
B 3 15 45
B 3 16 48
B 3 17 51
B 3 18 54
B 3 19 57
B 3 20 60
